47
50
53
55
56
58
62
64
68
69
79
80
82
83
84
86
96
99
101
113
119
124
133
135
136
137
165
166
170
172
189
190
202
203
219
226
227
242
243
251
254
280
281
285
286
291
320
321
337
338
339
343
344
354
379
410
419
451
452
478
480
484
486
489
503
510
518
519
524
525
528
533
537
541
556
565
569
574
577
589
598
602
612
618
621
624
632
641
646
647
649
650
655
656
659
663
672
679
680
684
685
689
693
694
711
712
715
720
723
728
733
737
757
764
769
771
780
781
782
787
789
790
793
794
814
818
823
824
836
837
838
840
849
861
862
867
869
871
873
876
880
884
888
897
902
903
905
907
911
913
938
942
947
956
959
960
966
972
991
999
1000
1014
1041
1043
1046
1048
1053
1059
1064
1065
1066
1067
1070
1084
1087
1089
1091
1095
1096
1097
1101
1109
1114
1116
1118
1121
1128
1136
1137
1139
1140
1143
1148
1149
1154
1158
1159
1165
1169
1170
1171
1180
1184
1188
1190
1191
1193
1198
1199
1200
1206
1210
1213
1216
1223
1224
1227
1231
1239
1240
1248
1259
1268
1270
1274
1280
1284
1285
1287
1288
1289
1299
1301
1306
1307
1308
1309
1311
1329
1331
1333
1334
1353
1361
1362
1363
1378
1380
1381
1389
1390
1392
1395
1405
1409
1410
1411
1413
1416
1417
1424
1427
1433
1435
1443
1444
1445
1449
1450
1451
1452
1456
1462
1470
1476
1478
1482
1485
1489
1499
1500
1506
1507
1518
1525
1526
1529
1531
1533
1535
1536
1537
1541
1544
1546
1576
1579
1580
1585
1586
1605
1608
1610
1617
1620
1621
1624
1625
1643
1646
1647
1654
1655
1659
1662
1674
1682
1683
1684
1689
1690
1695
1696
1698
1704
1705
1706
1707
1723
1730
1732
1733
1742
1745
1746
1747
1748
1754
1755
1756
1767
1768
1770
1772
1776
1788
1789
1790
1799
1801
1806
1807
1809
1811
1813
1816
1819
1820
1822
1830
1834
1835
1836
1839
1842
1847
1851
1853
1864
1866
1870
1871
1884
1899
1913
1933
1934
1937
1938
1947
1949
1954
1963
1967
1968
1978
1984
1988
1989
1992
1996
1999
2000
2002
2014
2017
2023
2027
2028
2029
2030
2033
2034
2040
2045
2055
2061
2064
2070
2072
2090
2091
2094
2099
2100
2104
2110
2111
2121
2156
2157
2162
2176
2203
2204
2207
2221
2222
2224
2227
2228
2241
2256
2259
2262
2264
2277
2287
2297
2305
2307
2308
2315
2316
2318
2340
2341
2344
2353
2382
2392
2394
2411
2425
2439
2457
2458
2459
2461
2464
2470
2473
2492
2494
2502
2519
2520
2524
2539
2555
2575
2597
2602
2605
2606
2608
2609
2611
2641
2643
2664
2668
2677
2689
2700
2706
2710
2730
2732
2736
2748
2779
2798
2805
2809
2815
2818
2831
2832
2844
2845
2846
2847
2851
2853
2855
2860
2863
2866
2870
2873
2880
2881
2883
2892
2894
2901
2903
2905
3016
3018
3104
3226
3272
3361
3423
3483
3498
3568
3575
3587
3608
3619
3622
3674
3682
3684
3700
3726
3734
3735
3737
3763
3768
3770
3845
3893
3897
3976
3985
3992
4016
4035
4046
4055
4168
4178
4220
4224
4241
4246
4283
4391
4537
4593
4611
4638
4644
4645
4651
4669
4685
4709
4713
4714
4717
4723
4732
4733
4738
4755
4768
4769
4798
4803
4804
4805
4825
4826
4835
4844
4852
4866
4873
4903
4907
4908
4914
4925
4926
4959
4962
4963
4972
4976
4990
4995
5000
5007
5008
5012
5039
5075
5084
5091
5099
5114
5121
5122
5125
5126
5138
5140
5143
5149
5150
5151
5155
5156
5159
5167
5170
5173
5201
5210
5212
5217
5218
5496
5687
5730
5737
5974
5977
5989
6099
6291
6560
6634
7527
7595
7600
7786
7886
8063
8099
8102
8103
8104
8106
8115
8140
8167
8170
8172
8173
8175
8180
8190
8193
8198
8207
8210
8217
8219
8220
8222
8225
8227
8228
8235
8258
8260
8262
8264
8271
8279
8287
8288
8295
8296
8316
8317
8321
8322
8340
8344
8359
8369
8370
8373
8374
8375
8377
8378
8380
8405
8406
8413
8425
8431
8434
8439
8444
8467
8472
8476
8486
8490
8496
8497
8505
8506
8510
8522
8524
8535
8536
8548
8550
8565
8570
8575
8579
8593
8608
8613
8618
8622
8647
8648
8652
8656
8657
8659
8666
8679
8680
8693
8698
8699
8714
8720
8733
8734
8742
8745
8746
8748
8757
8761
8763
8767
8787
8789
8798
8802
8813
8815
8817
8822
8825
8829
8833
8834
8836
8839
8840
8842
8855
8860
8861
8864
8866
8871
8878
8881
8889
8891
8894
8895
8919
8929
8930
8931
8933
8936
8938
8942
8961
8971
8972
8973
8974
8976
8978
8981
8982
8986
8990
8992
8994
8998
9008
9010
9011
9013
9014
9016
9019
9022
9024
9044
9045
9062
9077
9083
9084
9087
9091
9098
9104
9107
9110
9113
9114
9116
9125
9130
9133
9138
9143
9144
9147
9152
9156
9163
9167
9168
9171
9174
9175
9177
9178
9182
9183
9188
9213
9214
9217
9232
9234
9235
9246
9248
9249
9261
9263
9264
9267
9273
9277
9279
9281
9284
9305
9311
9317
9344
9359
9418
9420
9455
9457
9479
9480
9481
9482
9490
9508
9521
9533
9549
9550
9553
9564
9569
9571
9598
9621
9685
9699
9701
9702
9731
9737
9738
9758
9782
9801
9812
9823
9845
9846
9847
9864
9877
10050
10051
10052
10064
10080
10198
10253
10295
10299
10307
10340
10375
10383
